# pulsar_glitch_size_fractional (delta_nu/nu)
5.540000000000000e-07
1.260000000000000e-06
1.310000000000000e-09
1.810000000000000e-06
1.950000000000000e-06
6.500000000000000e-07
1.627000000000000e-06
5.600000000000001e-11
4.000000000000000e-09
7.400000000000000e-10
2.600000000000000e-09
3.400000000000000e-07
3.800000000000000e-06
1.761000000000000e-06
1.260000000000000e-07
2.933000000000000e-06
8.400000000000001e-08
5.270000000000000e-07
4.300000000000000e-08
3.140000000000000e-06
6.000000000000000e-11
6.000000000000001e-09
4.366000000000000e-06
6.200000000000000e-10
1.100000000000000e-11
2.454000000000000e-08
3.300000000000000e-10
3.120000000000000e-10
1.900000000000000e-09
2.300000000000000e-09
2.000000000000000e-10
5.000000000000000e-10
7.200000000000001e-09
1.900000000000000e-09
2.100000000000000e-09
3.570000000000000e-08
6.000000000000001e-09
8.100000000000001e-08
4.200000000000000e-09
2.100000000000000e-09
3.190000000000000e-08
6.100000000000000e-09
8.000000000000001e-10
6.200000000000001e-09
6.800000000000001e-09
2.510000000000000e-08
3.500000000000000e-09
2.260000000000000e-08
8.900000000000000e-09
3.400000000000000e-09
1.700000000000000e-09
2.140000000000000e-07
4.900000000000001e-09
2.800000000000000e-09
2.180000000000000e-08
4.700000000000001e-09
3.900000000000001e-08
2.200000000000000e-09
5.163700000000001e-07
4.080000000000000e-09
2.300000000000000e-09
3.170000000000000e-08
2.330000000000000e-09
4.530000000000001e-09
6.870000000000001e-07
4.500000000000000e-07
3.150000000000000e-07
1.400000000000000e-07
1.400000000000000e-07
4.540000000000000e-07
2.300000000000000e-09
1.840000000000000e-07
4.260000000000000e-07
1.680000000000000e-07
2.180000000000000e-07
4.200000000000000e-07
1.460000000000000e-07
2.550000000000000e-07
2.346000000000000e-07
3.380000000000000e-07
1.700000000000000e-08
3.911000000000001e-07
3.950000000000000e-07
2.600000000000000e-07
3.210000000000000e-07
4.090000000000000e-07
2.350000000000000e-07
1.800000000000000e-08
3.520000000000000e-07
3.710000000000000e-07
1.000000000000000e-09
4.880000000000000e-07
2.390000000000000e-07
1.140000000000000e-07
1.470000000000000e-07
1.287000000000000e-07
1.050000000000000e-07
3.620000000000000e-07
3.410000000000000e-07
2.170000000000000e-07
2.090000000000000e-07
5.490000000000001e-07
1.690000000000000e-07
1.220000000000000e-07
8.000000000000000e-09
8.700000000000001e-08
4.530000000000000e-07
1.400000000000000e-08
3.460000000000000e-07
2.605100000000000e-07
5.819400000000001e-07
1.265000000000000e-07
4.090000000000000e-07
1.487000000000000e-07
4.359200000000001e-07
1.223000000000000e-07
3.878400000000000e-07
6.639000000000001e-09
1.365900000000000e-07
5.468100000000000e-07
1.271700000000000e-07
1.982500000000000e-07
2.682400000000000e-07
3.566700000000000e-07
9.427200000000001e-08
2.494600000000000e-07
3.938400000000000e-07
5.497700000000000e-07
3.413800000000000e-07
1.400000000000000e-09
2.000000000000000e-10
5.000000000000001e-11
5.575400000000000e-06
3.300000000000000e-10
1.170000000000000e-09
7.673500000000001e-07
2.500000000000000e-12
4.700000000000001e-09
4.200000000000000e-09
5.730000000000000e-08
1.662700000000000e-06
1.400000000000000e-09
1.760000000000000e-08
1.600000000000000e-09
1.900000000000000e-09
1.100000000000000e-09
4.000000000000001e-10
1.600000000000000e-09
4.320000000000000e-08
9.400000000000001e-09
7.500000000000001e-09
3.277900000000000e-06
2.780000000000000e-08
9.640000000000002e-08
6.000000000000000e-10
6.000000000000000e-10
1.300000000000000e-09
2.800000000000000e-09
5.100000000000000e-07
1.000000000000000e-09
4.000000000000000e-09
2.480000000000000e-08
2.300000000000000e-08
1.300000000000000e-08
1.200000000000000e-08
6.676000000000000e-06
3.800000000000000e-09
3.600000000000000e-10
1.200000000000000e-09
1.200000000000000e-09
1.000000000000000e-09
3.700000000000000e-09
1.700000000000000e-09
1.800000000000000e-09
9.200000000000000e-08
2.400000000000000e-09
4.304200000000000e-06
1.100000000000000e-10
3.500000000000001e-11
8.200000000000001e-11
2.340000000000000e-06
2.050000000000000e-06
1.200000000000000e-08
1.990000000000000e-06
3.060000000000000e-06
1.145000000000000e-06
2.050000000000000e-06
1.601000000000000e-06
1.805000000000000e-06
2.715000000000000e-06
5.550000000000000e-09
8.350000000000001e-07
1.990000000000000e-07
2.110000000000000e-06
3.800000000000000e-08
3.085720000000000e-06
2.100000000000000e-06
2.620000000000000e-06
1.940000000000000e-06
3.100000000000000e-06
4.000000000000001e-10
1.431000000000000e-06
2.501200000000000e-06
1.260000000000000e-06
2.000000000000000e-10
2.396000000000000e-06
1.027000000000000e-07
6.200000000000000e-10
6.000000000000000e-11
9.000000000000001e-10
1.360000000000000e-08
8.300000000000002e-09
1.256200000000000e-06
1.573900000000000e-06
1.100500000000000e-06
1.622600000000000e-06
1.912000000000000e-06
1.464400000000000e-06
6.210000000000001e-09
1.330000000000000e-09
3.778000000000001e-07
8.300000000000002e-09
3.983000000000000e-07
3.570000000000000e-06
2.822000000000000e-06
3.306000000000000e-06
2.200000000000000e-08
3.784900000000000e-06
2.729000000000000e-06
1.681000000000000e-06
2.296500000000000e-06
1.900000000000000e-08
3.000000000000000e-06
7.680000000000001e-07
1.838400000000000e-06
2.850000000000000e-08
3.043100000000000e-06
2.963000000000000e-06
8.890000000000001e-09
9.900000000000001e-09
9.100000000000001e-10
4.500000000000001e-09
4.078000000000001e-06
2.900000000000000e-06
1.630000000000000e-05
6.747800000000001e-06
1.057000000000000e-07
2.797000000000000e-07
2.000000000000000e-09
9.717000000000002e-07
2.300000000000000e-08
9.544000000000001e-07
1.825000000000000e-06
1.202000000000000e-06
1.793000000000000e-06
1.283000000000000e-06
4.400000000000001e-09
3.210000000000000e-07
5.419000000000000e-06
5.790000000000000e-06
7.490000000000000e-07
1.600000000000000e-08
4.000000000000001e-10
1.700000000000000e-09
3.017000000000000e-09
3.200000000000001e-09
4.630000000000001e-06
2.664000000000000e-06
4.169000000000000e-06
6.580000000000000e-07
1.050000000000000e-08
2.468000000000000e-07
1.160000000000000e-07
1.509000000000000e-06
2.300000000000000e-08
9.960000000000001e-07
1.300000000000000e-08
1.460000000000000e-07
3.700000000000000e-08
1.500000000000000e-08
3.100000000000000e-08
1.648000000000000e-06
3.000000000000000e-08
2.300000000000000e-08
7.080000000000000e-07
1.700000000000000e-07
1.121500000000000e-06
4.800000000000001e-07
4.545000000000001e-07
2.192000000000000e-07
2.770000000000000e-07
9.850000000000001e-07
1.940000000000000e-07
3.078200000000000e-06
3.066700000000000e-06
1.579000000000000e-06
2.400000000000000e-09
3.290000000000000e-07
1.512000000000000e-07
9.600000000000001e-08
3.700000000000000e-08
1.709700000000000e-06
2.870000000000000e-08
2.170000000000000e-08
7.060000000000000e-07
6.000000000000001e-08
5.774980000000000e-06
2.428000000000000e-06
1.752000000000000e-06
4.860000000000000e-06
2.250000000000000e-06
1.930000000000000e-06
1.435000000000000e-07
2.726000000000000e-07
7.253000000000001e-06
1.730000000000000e-06
3.900000000000001e-08
9.700000000000000e-07
5.970000000000001e-08
8.110000000000000e-07
4.690000000000000e-08
1.410000000000000e-06
2.409800000000000e-06
2.350000000000000e-07
2.000000000000000e-07
3.710000000000000e-07
3.000000000000000e-08
2.660000000000000e-07
3.560000000000000e-07
2.137000000000000e-06
1.146200000000000e-06
2.019000000000000e-06
1.270000000000000e-06
9.371000000000001e-07
1.346000000000000e-06
1.954200000000000e-06
1.210000000000000e-06
2.777000000000000e-06
3.000000000000000e-10
1.140000000000000e-09
2.900000000000000e-08
1.300000000000000e-10
2.977000000000000e-06
2.076000000000000e-06
2.000000000000000e-10
2.900000000000000e-10
2.637000000000000e-06
2.793000000000000e-06
6.460000000000000e-06
6.242000000000001e-06
4.098000000000000e-06
5.949000000000000e-06
6.000000000000001e-07
3.340000000000000e-07
1.100000000000000e-08
6.800000000000000e-08
5.500000000000000e-08
2.068000000000000e-06
7.100000000000000e-10
1.910000000000000e-07
8.036000000000000e-07
1.610000000000000e-09
7.174000000000000e-07
8.850000000000001e-07
8.591000000000001e-06
6.500000000000001e-05
1.276700000000000e-05
3.090000000000000e-06
4.810000000000001e-06
3.129000000000000e-06
4.000000000000001e-10
2.800000000000001e-10
3.000000000000000e-10
1.800000000000000e-10
5.900000000000000e-10
5.700000000000000e-10
6.000000000000000e-10
9.331000000000001e-06
2.057000000000000e-06
1.167000000000000e-06
2.872000000000000e-06
2.749700000000000e-06
2.694000000000000e-06
5.240000000000000e-08
5.610000000000000e-07
4.202000000000001e-06
3.080000000000000e-07
5.720000000000000e-07
2.707000000000000e-06
7.370000000000000e-07
1.500000000000000e-09
1.940000000000000e-09
7.100000000000000e-09
1.900000000000000e-09
7.500000000000001e-09
3.325000000000000e-05
3.033000000000000e-06
3.202000000000000e-06
2.254000000000000e-06
5.900000000000001e-09
1.370000000000000e-07
4.400000000000001e-09
1.264000000000000e-07
2.700000000000000e-09
6.400000000000001e-09
3.147700000000000e-06
6.890000000000001e-08
9.000000000000001e-08
2.400000000000000e-08
3.300000000000000e-09
4.210000000000000e-07
3.100000000000000e-08
7.000000000000001e-09
2.600000000000000e-08
6.000000000000001e-07
1.000000000000000e-08
6.590000000000001e-07
4.800000000000001e-08
1.600000000000000e-08
1.700000000000000e-08
1.697000000000000e-07
1.000000000000000e-08
6.000000000000001e-09
4.425000000000001e-07
1.444000000000000e-06
7.000000000000000e-10
9.000000000000001e-10
2.000000000000000e-09
4.000000000000000e-09
1.600000000000000e-08
1.580000000000000e-07
9.000000000000001e-10
1.700000000000000e-09
1.860000000000000e-08
2.020000000000000e-08
1.850900000000000e-06
8.000000000000001e-10
4.590000000000000e-08
3.000000000000000e-09
5.200000000000000e-09
2.300000000000000e-09
2.663000000000000e-06
1.830000000000000e-08
1.940000000000000e-09
2.294000000000000e-07
8.379000000000001e-07
3.283000000000000e-07
2.810000000000000e-06
1.800000000000000e-08
4.000000000000000e-09
2.340000000000000e-07
1.342400000000000e-06
7.000000000000001e-09
4.498000000000000e-06
1.530000000000000e-09
2.156000000000000e-07
2.200000000000000e-09
1.200000000000000e-09
2.910900000000000e-06
2.440000000000000e-08
2.300000000000000e-09
3.000000000000000e-09
1.300000000000000e-08
3.400000000000000e-09
7.807000000000000e-06
1.987900000000000e-06
1.247400000000000e-06
3.755800000000001e-06
1.740000000000000e-08
3.101000000000000e-06
2.413000000000000e-06
2.250900000000000e-06
3.100000000000000e-09
2.163000000000000e-07
2.307000000000000e-07
3.480000000000000e-07
6.600000000000001e-08
2.200000000000000e-08
8.100000000000001e-08
6.000000000000001e-09
6.467000000000001e-07
4.970000000000001e-07
2.900000000000000e-09
1.700000000000000e-09
5.138000000000000e-07
4.867000000000001e-08
5.000000000000000e-09
3.740000000000000e-07
4.074400000000000e-06
7.100000000000000e-09
3.184000000000000e-06
3.929300000000001e-06
4.793000000000001e-06
4.960600000000000e-06
1.577310000000000e-05
1.700000000000000e-09
3.000000000000000e-09
1.500000000000000e-09
1.480000000000000e-08
1.400000000000000e-09
1.625100000000000e-06
2.000000000000000e-09
4.867000000000001e-08
3.470000000000000e-09
1.166000000000000e-06
8.000000000000000e-09
1.000000000000000e-08
3.400000000000000e-08
3.000000000000000e-09
1.100000000000000e-08
1.700000000000000e-08
1.600000000000000e-08
5.400000000000001e-10
7.250000000000000e-07
7.200000000000001e-08
2.877000000000000e-06
2.250000000000000e-07
1.090000000000000e-07
2.224000000000000e-07
3.400000000000000e-08
8.000000000000001e-12
2.800000000000000e-09
1.300000000000000e-09
2.980000000000000e-08
1.300000000000000e-09
4.000000000000000e-09
1.210000000000000e-07
3.800000000000000e-09
2.746000000000000e-06
2.984600000000000e-06
6.000000000000000e-10
3.000000000000000e-09
3.581000000000000e-06
2.599700000000000e-06
2.481500000000000e-06
4.000000000000001e-10
6.300000000000000e-09
1.015270000000000e-06
9.000000000000001e-10
1.865600000000000e-06
5.000000000000000e-10
1.500000000000000e-10
1.560000000000000e-09
2.100000000000000e-09
3.100000000000000e-09
1.100000000000000e-09
3.600000000000000e-09
7.500000000000001e-09
6.600000000000001e-08
3.600000000000000e-09
4.702000000000000e-06
1.880000000000000e-09
4.400000000000001e-09
8.000000000000001e-10
3.260000000000000e-09
1.560000000000000e-08
9.300000000000001e-09
1.398000000000000e-06
1.670000000000000e-08
7.000000000000000e-08
3.290000000000000e-06
3.200000000000001e-09
2.000000000000000e-10
3.400000000000000e-09
1.550000000000000e-06
5.500000000000001e-06
9.902000000000001e-06
9.000000000000001e-09
7.100000000000000e-08
5.786000000000001e-07
3.170000000000000e-09
3.879000000000000e-06
1.000000000000000e-09
2.900000000000000e-08
2.500000000000000e-08
1.032000000000000e-06
8.049000000000000e-07
2.160000000000000e-08
1.011600000000000e-06
1.304000000000000e-07
1.280000000000000e-07
1.517000000000000e-05
2.450000000000000e-06
1.390000000000000e-06
2.200000000000000e-10
3.330000000000000e-08
1.206090000000000e-05
1.082000000000000e-08
1.800000000000000e-09
3.000000000000000e-10
5.200000000000000e-09
2.495500000000000e-07
3.000000000000000e-08
7.200000000000001e-08
8.188400000000000e-07
4.000000000000000e-11
2.500000000000000e-09
6.200000000000001e-06
6.600000000000001e-10
5.200000000000001e-10
1.020000000000000e-10
1.600000000000000e-10
1.500000000000000e-08
8.000000000000000e-08
5.670000000000000e-07
1.740000000000000e-06
3.300000000000000e-08
1.430000000000000e-08
9.190000000000001e-08
7.000000000000001e-09
1.196700000000000e-06
9.000000000000001e-10
5.400000000000000e-09
1.156900000000000e-05
3.489000000000000e-06
1.490000000000000e-09
8.210000000000002e-09
2.672500000000000e-06
4.240000000000000e-08
1.053020000000000e-06
2.800000000000000e-08
4.000000000000001e-10
3.000000000000000e-10
3.000000000000000e-10
4.000000000000001e-10
2.600000000000000e-10
1.900000000000000e-10
5.700000000000000e-10
4.260000000000000e-09
5.000000000000000e-10
2.500000000000000e-09
2.700000000000000e-09
4.000000000000001e-10
2.000000000000000e-10
5.000000000000000e-10
1.300000000000000e-09
4.660000000000000e-06
1.490000000000000e-09
2.106000000000000e-06
4.986000000000000e-06
2.904200000000000e-06
3.000000000000000e-10
4.400000000000001e-09
7.389800000000001e-06
2.600000000000000e-10
6.500000000000000e-09
2.500000000000000e-09
8.000000000000001e-10
3.800000000000000e-08
3.200000000000001e-09
4.910000000000000e-07
2.700000000000000e-09
2.000000000000000e-10
3.700000000000000e-11
1.900000000000000e-09
3.632900000000000e-06
8.000000000000001e-11
6.290000000000000e-07
4.427000000000000e-06
4.472000000000001e-06
8.400000000000001e-09
2.923000000000000e-08
7.200000000000000e-10
3.000000000000000e-11
9.300000000000001e-08
2.840000000000000e-06
9.000000000000000e-11
5.400000000000001e-10
2.300000000000000e-09
7.000000000000000e-10
1.300000000000000e-09
5.000000000000000e-10
5.200000000000000e-09
1.489900000000000e-06
4.000000000000000e-11
2.100000000000000e-11
2.600000000000000e-10
3.000000000000000e-10
1.300000000000000e-10
5.800000000000000e-09
2.250000000000000e-09
4.376000000000000e-06
1.250000000000000e-08
2.587000000000000e-06
7.450000000000001e-07
2.228800000000000e-06
3.069000000000000e-06
1.186500000000000e-06
2.523600000000000e-06
1.300000000000000e-10
3.300000000000000e-10
1.900000000000000e-06
6.200000000000001e-09
2.733000000000000e-07
3.615000000000000e-08
1.091500000000000e-06
3.258000000000000e-06
2.600000000000000e-10
4.000000000000001e-10
1.160000000000000e-09
1.707000000000000e-06
1.400000000000000e-10
8.000000000000001e-11
2.000000000000000e-10
4.000000000000001e-10
3.764180000000000e-06
1.139300000000000e-06
3.270000000000000e-07
4.500000000000001e-09
1.984000000000000e-07
1.223600000000000e-06
6.600000000000001e-08
8.500000000000000e-07
1.047100000000000e-06
2.839000000000000e-07
7.500000000000001e-10
4.104000000000000e-06
3.080000000000000e-08
1.116700000000000e-05
8.800000000000000e-07
2.100000000000000e-10
2.047000000000000e-05
5.500000000000001e-10
2.000000000000000e-05
